18
0 5 0 0 0 0 0 0 0 0 0 0 0 0 0 0 0 5
5 0 5 0 0 0 0 0 0 0 0 0 0 0 0 0 0 0
0 5 0 5 0 0 0 0 0 0 0 0 0 0 0 0 0 5
0 0 5 0 5 0 0 0 0 0 0 0 0 0 0 0 5 0
0 0 0 5 0 5 0 0 0 0 0 0 0 0 0 0 5 0
0 0 0 0 5 0 5 0 0 0 0 0 0 0 0 5 0 0
0 0 0 0 0 5 0 5 0 0 0 0 0 0 5 5 0 0
0 0 0 0 0 0 5 0 5 0 0 0 5 0 0 0 0 0
0 0 0 0 0 0 0 5 0 5 0 0 0 0 0 0 0 0
0 0 0 0 0 0 0 0 5 0 5 0 5 0 0 0 0 0
0 0 0 0 0 0 0 0 0 5 0 5 0 0 0 0 0 0
0 0 0 0 0 0 0 0 0 0 5 0 5 5 0 0 0 0
0 0 0 0 0 0 0 5 0 5 0 5 0 0 5 0 0 0
0 0 0 0 0 0 0 0 0 0 0 5 0 0 5 0 0 0
0 0 0 0 0 0 5 0 0 0 0 0 5 5 0 0 0 0
0 0 0 0 0 5 5 0 0 0 0 0 0 0 0 0 5 0
0 0 0 5 5 0 0 0 0 0 0 0 0 0 0 5 0 0
5 0 5 0 0 0 0 0 0 0 0 0 0 0 0 0 0 0
0,1,8,9,10,11,12,13,17
2,7,14



